<?xml version="1.0" standalone="no"?>
<!DOCTYPE svg PUBLIC "-//W3C//DTD SVG 20010904//EN"
 "http://www.w3.org/TR/2001/REC-SVG-20010904/DTD/svg10.dtd">
<svg version="1.0" xmlns="http://www.w3.org/2000/svg"
 width="600.000000pt" height="372.000000pt" viewBox="0 0 600.000000 372.000000"
 preserveAspectRatio="xMidYMid meet">

<g transform="translate(0.000000,372.000000) scale(0.100000,-0.100000)"
fill="#000000" stroke="none">
<path d="M2335 3410 c-15 -17 -16 -22 -4 -36 12 -14 10 -19 -15 -39 -20 -16
-24 -24 -15 -28 8 -3 2 -5 -13 -4 -16 1 -28 5 -28 8 0 12 -89 5 -94 -7 -5 -14
71 -50 96 -46 14 3 18 -3 18 -27 0 -22 -5 -31 -16 -31 -12 0 -15 6 -11 21 4
15 2 19 -10 15 -8 -3 -17 -6 -21 -6 -3 0 5 -11 18 -25 16 -17 19 -25 9 -25
-13 0 -63 45 -65 59 -3 19 -17 40 -25 35 -5 -3 -9 6 -9 20 0 14 5 26 10 26 15
0 12 43 -4 65 -7 10 -21 20 -30 21 -14 2 -16 -3 -11 -29 4 -23 3 -28 -4 -17
-5 8 -13 11 -17 7 -4 -4 -1 -15 8 -24 19 -23 23 -112 5 -119 -17 -6 -20 -84
-4 -84 7 0 21 -19 30 -42 l17 -43 -6 38 c-3 21 -8 45 -11 53 -3 8 -1 14 4 14
5 0 10 -6 11 -12 3 -35 16 -74 26 -80 6 -4 19 -5 30 -2 10 4 22 0 27 -7 5 -9
11 -6 20 14 11 24 13 25 25 9 12 -16 14 -15 36 6 17 17 19 21 6 16 -15 -5 -18
-1 -18 23 0 16 3 33 7 36 18 18 45 121 50 190 3 42 4 77 1 77 -3 0 -13 -9 -23
-20z m-75 -267 c2 -2 -2 -8 -9 -13 -14 -8 -51 8 -51 23 0 7 50 -1 60 -10z"/>
<path d="M2208 3243 c7 -3 16 -2 19 1 4 3 -2 6 -13 5 -11 0 -14 -3 -6 -6z"/>
<path d="M2335 3160 c3 -5 11 -10 16 -10 6 0 7 5 4 10 -3 6 -11 10 -16 10 -6
0 -7 -4 -4 -10z"/>
<path d="M1837 3144 c-4 -4 -4 -10 -2 -14 6 -10 45 0 45 11 0 10 -33 12 -43 3z"/>
<path d="M2446 3118 c5 -7 2 -9 -8 -6 -21 9 -81 -29 -74 -47 3 -9 -3 -15 -17
-17 -15 -2 -4 -9 36 -21 52 -17 71 -37 49 -51 -5 -3 -15 -31 -22 -62 -11 -45
-11 -59 -2 -62 8 -2 3 -11 -12 -23 l-25 -20 49 -95 c28 -52 50 -105 50 -119 0
-17 4 -23 14 -19 13 5 13 12 0 52 -22 69 -28 118 -15 126 7 5 11 -3 11 -21 0
-20 3 -24 9 -14 7 11 9 11 14 0 3 -8 6 5 6 27 1 29 -4 44 -14 48 -9 3 -15 0
-15 -9 0 -28 -18 -15 -31 22 -10 33 -9 41 12 82 13 25 34 54 47 64 25 21 30
50 7 41 -8 -3 -22 1 -30 10 -9 8 -33 21 -55 27 -36 11 -38 13 -28 35 19 41 98
23 118 -27 7 -16 15 -28 17 -25 7 7 -23 58 -52 89 -26 27 -53 38 -39 15z"/>
<path d="M1925 3110 c-3 -5 1 -10 9 -10 14 0 20 -12 17 -32 0 -5 4 -8 9 -8 6
0 10 -7 10 -15 0 -16 27 -20 48 -6 11 7 10 9 -3 14 -10 5 -14 3 -9 -5 4 -7 3
-8 -4 -4 -6 4 -9 13 -6 20 3 8 -8 23 -24 35 -34 24 -38 25 -47 11z"/>
<path d="M1758 3044 c-5 -4 -8 -32 -8 -61 0 -35 -5 -60 -15 -69 -8 -9 -15 -20
-15 -25 0 -6 7 -4 15 5 9 8 21 13 28 10 7 -2 22 5 32 16 15 17 75 50 90 50 1
0 -2 -26 -7 -57 -11 -70 -11 -109 2 -154 6 -18 10 -42 10 -52 0 -17 -2 -17
-29 2 -34 25 -81 43 -81 33 0 -5 12 -13 28 -19 l27 -11 -25 -1 -25 -1 29 -15
c17 -9 56 -15 102 -15 40 0 76 -4 79 -10 8 -13 92 -13 100 0 4 6 10 8 15 5 5
-3 20 -1 34 5 22 8 26 16 26 42 -1 18 2 54 6 81 5 39 4 47 -9 47 -9 0 -23 -13
-32 -30 -17 -33 -51 -46 -87 -34 -13 4 -28 7 -33 6 -24 -4 -61 93 -72 193 -6
57 -18 63 -50 27 -15 -18 -37 -32 -48 -32 -12 0 -26 -5 -33 -12 -17 -17 -34 2
-41 47 -3 20 -9 33 -13 29z m295 -344 c-3 -11 -9 -20 -14 -20 -5 0 -9 9 -9 20
0 11 6 20 14 20 9 0 12 -7 9 -20z"/>
<path d="M2185 3040 c-3 -5 -1 -10 4 -10 6 0 11 5 11 10 0 6 -2 10 -4 10 -3 0
-8 -4 -11 -10z"/>
<path d="M4090 3010 c0 -5 4 -10 9 -10 5 0 19 -15 30 -34 15 -24 20 -47 19
-84 -3 -46 -6 -53 -30 -63 -16 -7 -28 -19 -28 -30 0 -10 -10 -24 -22 -30 l-23
-12 23 -10 c12 -6 22 -17 23 -26 0 -9 5 -4 11 12 5 15 16 27 24 27 9 0 13 4
10 9 -3 5 1 22 9 37 9 17 15 56 15 96 0 57 -4 71 -26 97 -26 31 -44 40 -44 21z"/>
<path d="M2157 2879 c7 -7 15 -10 18 -7 3 3 -2 9 -12 12 -14 6 -15 5 -6 -5z"/>
<path d="M3957 2871 c-3 -12 1 -34 9 -49 8 -15 14 -23 14 -18 0 6 7 1 16 -10
11 -13 17 -15 20 -7 4 8 15 11 30 7 18 -5 24 -2 24 10 0 12 -10 16 -44 16 -37
0 -43 3 -40 18 3 9 -1 26 -9 36 -13 18 -14 18 -20 -3z m23 -27 c0 -8 -4 -12
-10 -9 -5 3 -10 10 -10 16 0 5 5 9 10 9 6 0 10 -7 10 -16z"/>
<path d="M2204 2835 c-3 -25 -4 -55 -1 -67 4 -12 2 -27 -4 -34 -16 -19 -16
-88 0 -89 8 0 16 -5 18 -11 2 -7 -6 -11 -22 -10 -21 1 -25 6 -26 31 0 17 -3
24 -6 17 -2 -6 -9 -10 -14 -6 -5 3 -9 -2 -9 -10 0 -9 6 -16 13 -16 9 0 8 -3
-2 -9 -9 -6 -10 -11 -2 -15 27 -17 7 -25 -26 -11 l-38 15 24 -20 c18 -16 21
-24 13 -32 -9 -9 -17 -7 -32 7 -11 10 -23 16 -25 13 -3 -3 8 -17 25 -32 25
-21 28 -26 13 -26 -10 0 -30 8 -43 17 l-25 17 19 -22 c12 -14 31 -22 52 -22
24 0 32 -4 30 -16 -1 -8 -8 -19 -15 -23 -13 -9 -66 -5 -82 4 -16 10 -10 25 9
19 10 -3 6 4 -11 18 -41 36 -145 88 -175 88 -25 0 -25 0 -6 16 18 15 18 15 -8
9 -28 -5 -40 9 -15 18 6 3 -1 6 -16 6 -16 1 -26 -3 -22 -9 8 -14 -21 -13 -48
2 -54 28 -62 72 -14 83 l32 8 -30 4 c-39 6 -51 18 -37 36 7 8 9 17 5 20 -9 9
-43 -69 -43 -99 0 -64 43 -95 153 -109 56 -6 58 -7 53 -33 -5 -27 -18 -122
-21 -154 -1 -10 -4 -21 -8 -24 -4 -4 -7 -17 -7 -30 0 -12 -14 -51 -31 -88 -28
-60 -46 -164 -49 -278 0 -14 -8 -18 -33 -18 -52 0 -94 -26 -102 -61 -5 -21
-10 -27 -19 -20 -8 7 -15 2 -23 -15 -9 -20 -8 -24 4 -24 13 0 13 -3 3 -15 -7
-8 -9 -15 -5 -15 5 0 1 -8 -8 -17 -8 -10 -17 -31 -19 -47 -3 -26 1 -31 36 -45
37 -14 39 -14 57 8 11 13 19 38 19 55 0 18 3 35 6 38 3 4 33 -9 66 -28 33 -19
68 -34 78 -34 29 0 115 111 129 166 19 71 95 218 115 222 24 5 96 -47 96 -68
0 -10 25 -53 56 -96 31 -44 67 -96 81 -116 31 -50 43 -48 32 3 -10 44 -6 59
16 59 21 0 29 44 17 92 -6 23 -10 44 -8 45 2 2 15 -1 30 -6 17 -7 26 -18 27
-33 0 -13 3 -31 7 -40 10 -24 7 170 -2 212 -10 40 -52 110 -66 110 -6 0 3 -19
20 -41 36 -51 46 -96 30 -144 -10 -29 -14 -34 -26 -24 -8 6 -14 19 -15 28 0
12 -2 11 -9 -4 l-8 -20 -7 20 c-5 11 -14 36 -22 55 -7 19 -11 48 -9 65 4 23 2
21 -9 -10 -16 -47 -19 -109 -5 -100 11 7 39 -44 44 -82 2 -16 7 -36 11 -46 4
-9 2 -24 -5 -32 -6 -8 -9 -19 -5 -25 3 -5 -1 -10 -10 -10 -17 0 -45 56 -45 90
0 12 -4 19 -9 15 -18 -10 -31 32 -31 97 0 73 27 159 53 166 9 2 17 11 17 19 0
8 4 12 9 9 9 -6 25 54 16 62 -3 3 -15 -8 -27 -24 -27 -36 -87 -94 -96 -94 -4
0 -8 14 -9 32 -3 37 -23 64 -23 30 0 -13 -6 -22 -15 -22 -8 0 -15 5 -15 11 0
20 -20 -2 -21 -24 -1 -19 -2 -19 -6 -3 -4 15 -7 16 -14 5 -6 -10 -9 -8 -10 11
0 14 -3 19 -6 13 -13 -32 -32 -10 -42 50 -14 81 -14 80 5 73 8 -3 12 -2 9 4
-3 6 -13 10 -22 10 -17 0 -16 -29 7 -161 11 -65 12 -66 51 -78 40 -12 47 -27
29 -61 -8 -16 -15 -17 -42 -9 -35 9 -48 24 -48 53 0 10 -25 52 -56 92 -64 83
-84 87 -84 17 0 -24 -6 -56 -14 -71 -17 -34 -54 -68 -63 -59 -9 9 42 163 52
159 4 -2 11 2 15 8 9 15 -12 60 -24 53 -5 -4 -6 1 -3 11 4 10 7 23 7 29 0 6
12 0 27 -14 14 -13 23 -19 20 -12 -10 16 13 22 42 11 18 -7 22 -5 18 6 -4 11
-1 13 10 9 13 -5 15 -1 10 24 -4 19 -1 37 8 49 9 12 15 14 16 7 1 -7 2 -18 3
-24 2 -16 47 -38 79 -39 15 0 36 9 47 20 l20 20 0 -20 c0 -14 6 -20 23 -19 19
0 20 2 6 11 -13 9 -15 17 -7 39 9 26 18 30 90 42 22 4 49 27 46 41 -3 15 13
79 22 91 4 6 11 34 15 64 l7 55 -27 -18 c-21 -14 -29 -15 -35 -6 -4 7 -13 9
-19 5 -7 -4 -19 -1 -27 6 -11 9 -12 14 -3 20 9 5 8 11 -4 24 -10 9 -17 23 -17
31 0 33 -19 10 -26 -31z m116 -124 c0 -6 -4 -13 -10 -16 -5 -3 -10 1 -10 9 0
9 5 16 10 16 6 0 10 -4 10 -9z m-56 -34 c3 4 6 -3 6 -14 0 -17 -5 -20 -22 -15
-22 5 -38 19 -38 34 0 4 11 3 24 -2 13 -5 27 -6 30 -3z m-9 -86 c1 -13 -6 -21
-24 -24 -33 -7 -40 -2 -34 23 4 15 11 19 32 15 14 -3 20 -2 14 1 -7 3 -13 11
-13 17 0 19 24 -11 25 -32z m31 2 c-10 -10 -19 5 -10 18 6 11 8 11 12 0 2 -7
1 -15 -2 -18z m-371 -53 c3 -5 1 -10 -4 -10 -6 0 -11 5 -11 10 0 6 2 10 4 10
3 0 8 -4 11 -10z m255 3 c0 -5 -5 -15 -10 -23 -8 -12 -10 -11 -10 8 0 12 5 22
10 22 6 0 10 -3 10 -7z m-259 -320 c1 -16 3 -50 5 -78 5 -60 -12 -111 -32 -94
-16 13 -34 4 -35 -19 0 -11 -4 -9 -10 8 -12 29 -7 52 26 125 14 29 25 61 25
69 0 28 20 17 21 -11z m295 -140 c8 -17 14 -43 14 -59 0 -32 -9 -27 -16 10 -2
14 -9 37 -14 51 -6 15 -10 34 -9 43 0 14 2 14 6 2 2 -8 11 -29 19 -47z m-478
-142 c8 -4 12 -19 10 -32 -2 -18 -10 -25 -32 -27 -17 -2 -26 0 -22 7 4 5 -1
14 -10 19 -23 13 -10 42 18 42 13 0 29 -4 36 -9z m32 -66 c0 -8 7 -15 15 -15
7 0 19 -8 24 -17 10 -17 12 -17 24 -2 11 14 16 15 30 4 17 -12 16 -15 -9 -44
-24 -28 -53 -44 -39 -21 3 6 -3 9 -14 7 -11 -1 -19 0 -18 3 0 3 -11 17 -26 32
-24 24 -26 30 -15 48 15 24 28 26 28 5z m-190 -125 c0 -5 -5 -10 -11 -10 -5 0
-7 5 -4 10 3 6 8 10 11 10 2 0 4 -4 4 -10z"/>
<path d="M1714 2815 c8 -8 17 -15 20 -15 3 0 3 7 0 15 -4 8 -13 15 -21 15 -12
0 -12 -2 1 -15z"/>
<path d="M1816 2794 c-5 -14 -4 -15 9 -4 17 14 19 20 6 20 -5 0 -12 -7 -15
-16z"/>
<path d="M3982 2751 c-11 -7 -10 -10 3 -15 9 -3 26 1 38 9 l21 15 -24 0 c-14
0 -31 -4 -38 -9z"/>
<path d="M3943 2701 c-16 -26 -26 -131 -12 -131 5 0 9 6 7 14 -2 8 2 16 7 18
6 2 11 -9 13 -24 2 -16 9 -28 18 -28 8 0 13 5 12 12 -2 6 5 14 15 16 13 3 17
-3 18 -25 1 -15 3 -21 6 -12 2 10 13 19 24 22 28 7 28 77 0 77 -11 0 -23 -4
-26 -10 -10 -17 -27 -11 -21 8 3 10 -6 30 -22 50 -26 31 -27 32 -39 13z m77
-101 c0 -5 -7 -10 -15 -10 -8 0 -15 5 -15 10 0 6 7 10 15 10 8 0 15 -4 15 -10z"/>
<path d="M4073 2682 c-9 -6 -7 -16 10 -40 25 -36 54 -54 38 -23 -6 10 -17 23
-25 30 -8 7 -12 19 -9 27 6 16 3 17 -14 6z"/>
<path d="M3827 2653 c-4 -3 -7 -15 -7 -26 0 -25 13 -14 17 13 3 21 1 24 -10
13z"/>
<path d="M3733 2607 c2 -7 14 -12 27 -12 17 0 26 -7 30 -24 8 -34 30 -39 30
-7 0 28 -9 36 -57 46 -24 6 -33 5 -30 -3z"/>
<path d="M4184 2599 c-10 -16 17 -29 31 -16 7 7 11 15 8 20 -6 11 -31 9 -39
-4z"/>
<path d="M3708 2571 c-2 -9 8 -23 24 -33 15 -10 28 -22 28 -28 0 -5 7 -10 16
-10 11 0 14 5 9 18 -4 9 -8 24 -10 32 -1 8 -10 14 -20 12 -9 -2 -14 1 -11 6 3
5 -3 12 -14 15 -12 3 -20 -1 -22 -12z"/>
<path d="M4137 2574 c-10 -11 3 -24 24 -24 23 0 25 15 3 24 -19 7 -19 7 -27 0z"/>
<path d="M3858 2553 c7 -3 16 -2 19 1 4 3 -2 6 -13 5 -11 0 -14 -3 -6 -6z"/>
<path d="M4085 2547 c-27 -15 -45 -33 -45 -46 0 -14 3 -14 34 1 14 6 28 20 32
30 8 25 3 29 -21 15z"/>
<path d="M4204 2512 c-1 -31 -7 -49 -18 -58 -10 -7 -15 -17 -12 -22 3 -6 0
-12 -6 -15 -7 -3 3 -4 23 -3 34 1 36 3 37 36 1 19 4 46 7 60 4 17 0 28 -12 36
-16 10 -18 6 -19 -34z"/>
<path d="M2280 2530 c0 -5 4 -10 9 -10 6 0 13 5 16 10 3 6 -1 10 -9 10 -9 0
-16 -4 -16 -10z"/>
<path d="M3905 2520 c-3 -6 6 -15 20 -20 33 -13 38 -13 30 0 -11 18 -43 31
-50 20z"/>
<path d="M2459 2470 c-1 -11 -2 -25 -3 -32 -1 -6 5 -13 13 -16 9 -3 12 0 8 10
-3 9 -2 19 3 24 5 5 2 15 -6 22 -12 11 -14 9 -15 -8z"/>
<path d="M3895 2480 c-8 -14 40 -34 61 -26 10 4 14 10 8 15 -15 14 -62 22 -69
11z"/>
<path d="M2507 2473 c-12 -11 -8 -30 6 -30 7 0 13 9 13 19 0 19 -8 23 -19 11z"/>
<path d="M2138 2443 c7 -3 16 -2 19 1 4 3 -2 6 -13 5 -11 0 -14 -3 -6 -6z"/>
<path d="M3750 2439 c0 -5 5 -7 10 -4 6 3 10 8 10 11 0 2 -4 4 -10 4 -5 0 -10
-5 -10 -11z"/>
<path d="M3893 2427 c-3 -5 0 -14 7 -20 10 -9 14 -9 17 1 3 6 9 12 14 12 6 0
7 -5 3 -11 -4 -7 1 -10 11 -7 10 1 20 8 22 14 5 14 -66 24 -74 11z"/>
<path d="M4080 2420 c20 -13 33 -13 25 0 -3 6 -14 10 -23 10 -15 0 -15 -2 -2
-10z"/>
<path d="M2146 2385 c-3 -9 0 -15 9 -15 16 0 20 16 6 24 -5 3 -11 -1 -15 -9z"/>
<path d="M3737 2383 c-11 -10 -8 -20 6 -26 8 -3 13 3 13 14 0 19 -8 24 -19 12z"/>
<path d="M2095 2370 c3 -5 8 -10 11 -10 2 0 4 5 4 10 0 6 -5 10 -11 10 -5 0
-7 -4 -4 -10z"/>
<path d="M3882 2365 c-11 -13 -7 -15 33 -15 33 0 45 4 43 13 -6 18 -61 19 -76
2z"/>
<path d="M3886 2315 c-3 -8 -1 -15 4 -15 6 0 10 7 10 15 0 8 -2 15 -4 15 -2 0
-6 -7 -10 -15z"/>
<path d="M3876 2264 c-9 -22 -8 -24 9 -18 8 4 15 12 15 20 0 19 -16 18 -24 -2z"/>
<path d="M4060 2271 c0 -5 7 -14 15 -21 16 -14 18 -10 9 14 -6 17 -24 22 -24
7z"/>
<path d="M3970 2225 c19 -14 36 -25 39 -25 10 0 -53 49 -63 50 -6 0 5 -11 24
-25z"/>
<path d="M4091 2214 c0 -11 3 -14 6 -6 3 7 2 16 -1 19 -3 4 -6 -2 -5 -13z"/>
<path d="M3735 2210 c-3 -5 -1 -10 4 -10 6 0 11 5 11 10 0 6 -2 10 -4 10 -3 0
-8 -4 -11 -10z"/>
<path d="M3918 2203 c6 -2 18 -2 25 0 6 3 1 5 -13 5 -14 0 -19 -2 -12 -5z"/>
<path d="M4053 2181 c6 -17 18 -31 27 -30 10 0 11 2 2 6 -6 2 -10 8 -7 13 2 4
-4 15 -15 25 -19 17 -19 17 -7 -14z"/>
<path d="M3876 2184 c-11 -7 -17 -17 -13 -20 3 -4 14 1 23 10 21 22 15 28 -10
10z"/>
<path d="M2262 2070 c0 -14 2 -19 5 -12 2 6 2 18 0 25 -3 6 -5 1 -5 -13z"/>
<path d="M3716 2042 c-10 -17 48 -60 79 -60 28 1 29 1 8 11 -13 5 -23 16 -23
23 0 23 -53 44 -64 26z"/>
<path d="M3942 2000 c-8 -13 -8 -20 -2 -20 6 0 13 7 17 15 9 24 -1 27 -15 5z"/>
<path d="M3840 1935 c-7 -8 -19 -15 -26 -15 -16 0 -19 -26 -5 -35 5 -3 12 -1
16 4 3 6 12 8 20 4 9 -3 22 0 30 7 10 8 15 9 15 2 0 -8 9 -8 30 -1 24 9 27 13
17 23 -21 22 -82 29 -97 11z"/>
<path d="M3722 1890 c0 -19 2 -27 5 -17 2 9 2 25 0 35 -3 9 -5 1 -5 -18z"/>
<path d="M3962 1870 c-6 -11 -12 -34 -12 -52 l0 -32 21 20 c16 17 19 27 12 53
-8 30 -9 30 -21 11z"/>
<path d="M3752 1808 c-26 -26 -1 -57 58 -73 23 -6 22 -4 -8 20 -18 15 -31 33
-28 41 7 18 -8 26 -22 12z"/>
<path d="M4025 1790 c3 -5 13 -10 21 -10 8 0 12 5 9 10 -3 6 -13 10 -21 10 -8
0 -12 -4 -9 -10z"/>
<path d="M2460 1759 c0 -17 5 -40 12 -52 23 -43 26 -102 12 -236 -15 -152 -18
-241 -6 -241 4 0 6 24 5 52 -1 49 -1 50 5 13 5 -29 10 5 19 125 10 140 10 176
-2 235 -8 39 -18 85 -21 103 -8 41 -24 42 -24 1z"/>
<path d="M3855 1749 c-4 -6 -5 -12 -2 -15 7 -7 37 7 37 17 0 13 -27 11 -35 -2z"/>
<path d="M3910 1750 c0 -13 18 -22 24 -11 3 5 -1 11 -9 15 -8 3 -15 1 -15 -4z"/>
<path d="M2340 1673 c0 -21 -3 -56 -5 -78 -5 -38 -5 -38 13 13 10 29 22 49 26
45 5 -4 1 7 -8 25 -9 17 -19 32 -21 32 -3 0 -5 -17 -5 -37z"/>
<path d="M2336 1507 c3 -27 17 -79 31 -115 14 -37 32 -96 38 -132 17 -86 17
-39 0 75 -7 50 -13 77 -14 60 l-2 -30 -10 25 c-6 13 -7 35 -4 47 3 13 1 23 -5
23 -5 0 -10 8 -10 18 -1 9 -7 31 -15 47 -15 30 -15 30 -9 -18z"/>
<path d="M3447 1414 c-3 -4 -2 -15 4 -25 7 -13 6 -19 -1 -19 -7 0 -9 -8 -5
-19 3 -10 1 -37 -4 -60 -5 -22 -5 -41 -1 -41 5 0 11 22 15 50 4 27 11 52 15
55 5 3 22 -6 38 -20 39 -33 44 -32 24 8 -15 32 -38 54 -56 55 -5 0 -12 5 -16
11 -3 6 -9 8 -13 5z"/>
<path d="M3417 1394 c-4 -4 -7 -14 -7 -23 0 -11 3 -12 11 -4 6 6 10 16 7 23
-2 6 -7 8 -11 4z"/>
<path d="M4235 1300 c-3 -5 1 -10 9 -10 9 0 16 5 16 10 0 6 -4 10 -9 10 -6 0
-13 -4 -16 -10z"/>
<path d="M2470 1170 c0 -5 5 -10 10 -10 6 0 10 5 10 10 0 6 -4 10 -10 10 -5 0
-10 -4 -10 -10z"/>
<path d="M2501 1146 c0 -10 -7 -24 -15 -30 -9 -7 -11 -18 -6 -31 8 -19 9 -19
9 2 1 12 6 23 12 25 6 2 9 15 6 28 -3 17 -5 19 -6 6z"/>
<path d="M2408 1077 c-15 -36 -9 -63 17 -75 37 -17 41 -15 18 11 -12 12 -23
36 -25 52 -2 24 -4 26 -10 12z"/>
<path d="M2485 1049 c-4 -6 -5 -12 -2 -15 2 -3 7 2 10 11 7 17 1 20 -8 4z"/>
<path d="M2532 1035 c7 -16 21 -40 32 -53 18 -20 18 -24 6 -32 -12 -8 -10 -10
9 -10 16 0 21 -4 17 -15 -3 -9 0 -15 9 -15 9 0 12 6 8 17 -5 12 -3 14 8 8 8
-5 -6 14 -31 41 -25 28 -51 59 -57 70 -10 15 -10 13 -1 -11z"/>
<path d="M2506 1032 c-10 -17 4 -59 20 -59 10 0 12 7 8 21 -11 37 -21 49 -28
38z"/>
<path d="M2520 940 c0 -5 5 -10 10 -10 6 0 10 5 10 10 0 6 -4 10 -10 10 -5 0
-10 -4 -10 -10z"/>
<path d="M2480 920 c0 -9 39 -25 46 -18 2 3 -7 10 -21 16 -14 6 -25 7 -25 2z"/>
<path d="M2550 920 c0 -5 5 -10 11 -10 5 0 7 5 4 10 -3 6 -8 10 -11 10 -2 0
-4 -4 -4 -10z"/>
<path d="M4247 653 c-4 -3 5 -12 19 -20 31 -16 34 -16 34 -3 0 6 -7 10 -16 10
-8 0 -12 5 -9 10 7 11 -18 14 -28 3z"/>
<path d="M4270 601 c0 -13 29 -35 37 -28 7 8 -15 37 -28 37 -5 0 -9 -4 -9 -9z"/>
<path d="M4240 555 c0 -8 7 -15 15 -15 9 0 12 6 9 15 -4 8 -10 15 -15 15 -5 0
-9 -7 -9 -15z"/>
</g>
</svg>
